
ans =

     1     0     1     0     0     1     1     1     0     0     1


ans =

  Columns 1 through 14

     1     0     1     0     1     0     1     0     0     1     1     1     0     0

  Column 15

     1


ans =

  Columns 1 through 14

     1     1     0     1     0     1     1     0     0     1     1     1     0     0

  Column 15

     1


ans =

     0     1     1     1     0     1     1     1     0     0     1


numerr =

     3

>> 
